Year
2006    17.66
2007    10.36
2008    10.36
2009    10.07
2010     7.28
2011     9.74
2012    10.24
2013    12.50
2014    12.01
2015    10.40
2016    16.55
2017    11.39
2018    11.69
2019    18.37
2020    14.20
2021     9.66
2022    18.15
2023     6.73
2024     9.59
2025     9.58
2026    11.22
2027    17.24
2028     7.31
2029     8.35
2030    14.29
2031    12.45
2032    13.34
2033    13.57
2034     8.47
2035     7.83
2036    11.43
2037    13.46
2038     7.96
2039    13.61
2040    10.79
2041     9.62
2042     9.95
2043    12.51
2044    11.09
2045    10.83
2046    13.01
2047    10.46
2048    10.18
2049    13.87
2050     9.32
2051    10.69
2052     6.09
2053    10.63
2054    13.09
2055     8.32
2056    13.30
2057    11.66
2058     9.31
2059     7.17
2060     9.28
2061     9.17
2062     7.66
2063    11.94
2064     7.99
2065    10.14
2066     9.31
2067    10.53
2068     7.99
2069     7.53
2070    11.84
2071    14.35
2072     5.83
2073    11.92
2074     9.40
2075    10.92
2076     4.90
2077     9.03
2078    12.73
2079     4.27
2080    10.41
2081    15.28
2082     6.79
2083    13.52
2084     8.05
2085     9.17
2086     7.55
2087     6.53
2088     8.70
2089    13.26
2090     9.36
2091     8.22
2092    15.10
2093     7.78
2094    10.26
2095     9.53
2096     6.21
2097     5.45
2098     5.64
2099    10.51
2100    11.78