          sum        mean  Change_Rate Max_Daily Min_Daily
Year                                                      
2006  81288.0       677.4          NaN    4306.0         0
2007  43923.0     366.025   -45.966194    2107.0         0
2008  45527.0  379.391667     3.651845    2335.0         0
2009  43982.0  366.516667    -3.393591    1955.0         0
2010  30988.0  258.233333   -29.543904     995.0         0
2011  42542.0  354.516667    37.285401    2008.0         0
2012  44960.0  374.666667     5.683795    1556.0         0
2013  57317.0  477.641667    27.484431    2624.0         0
2014  53273.0  443.941667    -7.055498    1467.0         0
2015  46092.0       384.1   -13.479624    1976.0         0
2016  72181.0  601.508333    56.602013    3334.0         0
2017  48742.0  406.183333   -32.472534    1889.0         0
2018  52054.0  433.783333     6.794961    2235.0         0
2019  82586.0  688.216667    58.654474    3930.0         0
2020  62290.0  519.083333   -24.575594    2525.0         0
2021  43714.0  364.283333   -29.821801    1405.0         0
2022  81663.0     680.525    86.812005    4196.0         0
2023  28050.0      233.75   -65.651519    1655.0         0
2024  41532.0       346.1    48.064171    1616.0         0
2025  41848.0  348.733333     0.760859    2143.0         0
2026  50030.0  416.916667    19.551711    1646.0         0
2027  77913.0     649.275    55.732560    2277.0         0
2028  33121.0  276.008333   -57.489764     959.0         0
2029  36309.0     302.575     9.625313    1744.0         0
2030  65248.0  543.733333    79.702002    1998.0         0
2031  55426.0  461.883333   -15.053335    1528.0         0
2032  61540.0  512.833333    11.030924    2672.0         0
2033  60540.0       504.5    -1.624959    2598.0         0
2034  37944.0       316.2   -37.324083    1214.0         0
2035  33194.0  276.616667   -12.518448     980.0         0
2036  50477.0  420.641667    52.066639    1621.0         0
2037  59070.0      492.25    17.023595    2300.0         0
2038  36015.0     300.125   -39.029964    1265.0         0
2039  62665.0  522.208333    73.996946    3589.0         0
2040  47158.0  392.983333   -24.745871    2924.0         0
2041  40641.0     338.675   -13.819500    1633.0         0
2042  43622.0  363.516667     7.334957    1571.0         0
2043  56628.0       471.9    29.815231    2184.0         0
2044  47759.0  397.991667   -15.661863    1600.0         0
2045  47534.0  396.116667    -0.471115    2083.0         0
2046  55625.0  463.541667    17.021500    2516.0         0
2047  46896.0       390.8   -15.692584    2824.0         0
2048  44571.0     371.425    -4.957779    1669.0         0
2049  61194.0      509.95    37.295551    4034.0         0
2050  42183.0     351.525   -31.066771    1860.0         0
2051  45210.0      376.75     7.175877    1384.0         0
2052  26246.0  218.716667   -41.946472    1285.0         0
2053  46466.0  387.216667    77.040311    1429.0         0
2054  59770.0  498.083333    28.631688    2739.0         0
2055  34893.0     290.775   -41.621215    1149.0         0
2056  58005.0     483.375    66.236781    2354.0         0
2057  50454.0      420.45   -13.017843    1897.0         0
2058  39918.0      332.65   -20.882388    2708.0         0
2059  31747.0  264.558333   -20.469462    1418.0         0
2060  39806.0  331.716667    25.385076    1390.0         0
2061  39665.0  330.541667    -0.354218    1209.0         0
2062  35839.0  298.658333    -9.645783    1673.0         0
2063  50278.0  418.983333    40.288513    3106.0         0
2064  34726.0  289.383333   -30.932018    1441.0         0
2065  46089.0     384.075    32.721880    2922.0         0
2066  42404.0  353.366667    -7.995400    2338.0         0
2067  49079.0  408.991667    15.741439    3343.0         0
2068  35989.0  299.908333   -26.671285    1514.0         0
2069  32948.0  274.566667    -8.449804    1082.0         0
2070  52696.0  439.133333    59.936870    1466.0         0
2071  62495.0  520.791667    18.595339    3352.0         0
2072  25123.0  209.358333   -59.799984    1070.0         0
2073  52892.0  440.766667   110.532182    1915.0         0
2074  41142.0      342.85   -22.215080    2119.0         0
2075  47501.0  395.841667    15.456225    2352.0         0
2076  20058.0      167.15   -57.773521     596.0         0
2077  40088.0  334.066667    99.860405    1313.0         0
2078  56803.0  473.358333    41.695769    2596.0         0
2079  17686.0  147.383333   -68.864321     991.0         0
2080  46209.0     385.075   161.274454    1575.0         0
2081  68687.0  572.391667    48.644204    2228.0         0
2082  30671.0  255.591667   -55.346718    1734.0         0
2083  58959.0     491.325    92.230446    2712.0         0
2084  37349.0  311.241667   -36.652589    1367.0         0
2085  40230.0      335.25     7.713727    1170.0         0
2086  33052.0  275.433333   -17.842406    1097.0         0
2087  28312.0  235.933333   -14.341038    1118.0         0
2088  38038.0  316.983333    34.352925    1399.0         0
2089  57926.0  482.716667    52.284558    1915.0         0
2090  41469.0     345.575   -28.410386    1279.0         0
2091  33833.0  281.941667   -18.413755    1602.0         0
2092  68798.0  573.316667   103.345846    2080.0         0
2093  35787.0     298.225   -47.982499    2403.0         0
2094  46286.0  385.716667    29.337469    2929.0         0
2095  42306.0      352.55    -8.598712    1877.0         0
2096  26779.0  223.158333   -36.701650     896.0         0
2097  22879.0  190.658333   -14.563651     654.0         0
2098  25156.0  209.633333     9.952358     851.0         0
2099  45738.0      381.15    81.817459    2072.0         0
2100  52540.0  437.833333    14.871660    2133.0         0