Region  Year
P1      2006     6.583333
        2007     8.437500
        2008     6.119792
        2009     8.927083
        2010     7.286458
        2011     6.098958
        2012     6.776042
        2013     6.083333
        2014     7.932292
        2015     5.661458
        2016     8.921875
        2017     6.458333
        2018     6.567708
        2019     7.135417
        2020     7.635417
        2021     4.671875
        2022     6.005208
        2023     5.937500
        2024     3.963542
        2025     6.338542
        2026     5.244792
        2027     6.145833
        2028     6.786458
        2029     5.572917
        2030     4.854167
        2031     7.427083
        2032     5.723958
        2033     5.078125
        2034     4.390625
        2035     5.911458
        2036     6.625000
        2037     6.546875
        2038     3.385417
        2039     6.218750
        2040     6.864583
        2041     5.500000
        2042     8.213542
        2043     5.802083
        2044     6.411458
        2045     5.984375
        2046     8.432292
        2047     5.515625
        2048     6.093750
        2049     7.453125
        2050     5.953125
        2051     5.817708
        2052     5.588542
        2053     6.265625
        2054     5.531250
        2055     4.880208
        2056     5.218750
        2057     6.166667
        2058     6.656250
        2059     4.567708
        2060     6.942708
        2061     6.406250
        2062     3.895833
        2063     4.640625
        2064     4.916667
        2065     4.494792
        2066     4.625000
        2067     4.796875
        2068     4.760417
        2069     4.171875
        2070     5.562500
        2071     7.354167
        2072     4.869792
        2073     5.093750
        2074     4.911458
        2075     4.854167
        2076     4.302083
        2077     5.968750
        2078     4.500000
        2079     4.953125
        2080     4.927083
        2081     6.026042
        2082     4.322917
        2083     7.369792
        2084     2.656250
        2085     4.708333
        2086     4.140625
        2087     3.744792
        2088     4.380208
        2089     6.578125
        2090     4.510417
        2091     4.552083
        2092     4.869792
        2093     3.609375
        2094     4.552083
        2095     4.588542
        2096     4.526042
        2097     5.593750
        2098     2.927083
        2099     5.770833
        2100     5.098958
P3      2006    28.291667
        2007    17.796875
        2008    17.927083
        2009    16.083333
        2010    12.807292
        2011    16.458333
        2012    17.526042
        2013    19.484375
        2014    20.552083
        2015    17.390625
        2016    29.296875
        2017    20.031250
        2018    19.395833
        2019    30.609375
        2020    22.708333
        2021    15.020833
        2022    28.723958
        2023    11.218750
        2024    15.161458
        2025    16.453125
        2026    18.317708
        2027    27.994792
        2028    12.963542
        2029    13.651042
        2030    20.593750
        2031    21.776042
        2032    19.984375
        2033    21.375000
        2034    12.807292
        2035    11.973958
        2036    19.036458
        2037    24.427083
        2038    13.401042
        2039    20.973958
        2040    17.932292
        2041    17.343750
        2042    17.192708
        2043    21.609375
        2044    20.046875
        2045    18.484375
        2046    22.432292
        2047    17.088542
        2048    17.442708
        2049    23.234375
        2050    16.781250
        2051    18.364583
        2052    10.838542
        2053    16.968750
        2054    21.447917
        2055    15.052083
        2056    20.666667
        2057    18.276042
        2058    16.479167
        2059    10.135417
        2060    16.854167
        2061    16.604167
        2062    10.864583
        2063    20.536458
        2064    12.385417
        2065    15.229167
        2066    14.692708
        2067    16.145833
        2068    12.984375
        2069    12.187500
        2070    20.401042
        2071    25.062500
        2072     9.750000
        2073    19.901042
        2074    16.520833
        2075    17.661458
        2076     9.229167
        2077    15.630208
        2078    23.151042
        2079     7.963542
        2080    16.177083
        2081    25.906250
        2082    10.588542
        2083    21.510417
        2084    14.093750
        2085    16.156250
        2086    11.541667
        2087    11.895833
        2088    14.296875
        2089    22.822917
        2090    15.802083
        2091    15.755208
        2092    24.609375
        2093    13.114583
        2094    16.260417
        2095    15.671875
        2096     9.598958
        2097    10.343750
        2098     8.260417
        2099    19.239583
        2100    18.994792
P4      2006    43.416667
        2007    22.244792
        2008    24.302083
        2009    25.151042
        2010    17.546875
        2011    22.390625
        2012    25.140625
        2013    29.526042
        2014    28.713542
        2015    26.281250
        2016    40.265625
        2017    27.296875
        2018    28.197917
        2019    44.458333
        2020    33.187500
        2021    24.651042
        2022    45.562500
        2023    15.625000
        2024    24.031250
        2025    24.531250
        2026    26.651042
        2027    41.145833
        2028    16.843750
        2029    19.729167
        2030    37.026042
        2031    28.973958
        2032    33.057292
        2033    35.229167
        2034    20.489583
        2035    19.572917
        2036    27.713542
        2037    31.963542
        2038    18.937500
        2039    35.208333
        2040    25.375000
        2041    23.692708
        2042    23.812500
        2043    29.578125
        2044    27.041667
        2045    27.114583
        2046    30.718750
        2047    24.036458
        2048    23.906250
        2049    34.119792
        2050    21.354167
        2051    25.421875
        2052    12.875000
        2053    26.182292
        2054    31.557292
        2055    20.416667
        2056    33.911458
        2057    28.161458
        2058    21.380208
        2059    16.291667
        2060    22.213542
        2061    20.671875
        2062    19.151042
        2063    30.015625
        2064    18.833333
        2065    24.359375
        2066    22.442708
        2067    26.505208
        2068    19.265625
        2069    18.125000
        2070    28.135417
        2071    35.880208
        2072    13.640625
        2073    29.281250
        2074    23.104167
        2075    28.786458
        2076    11.588542
        2077    20.869792
        2078    29.598958
        2079     8.375000
        2080    24.864583
        2081    38.598958
        2082    15.619792
        2083    34.010417
        2084    19.963542
        2085    21.822917
        2086    19.104167
        2087    14.244792
        2088    19.218750
        2089    32.437500
        2090    22.921875
        2091    19.395833
        2092    36.786458
        2093    18.552083
        2094    25.088542
        2095    23.036458
        2096    15.421875
        2097    11.463542
        2098    13.838542
        2099    24.901042
        2100    28.468750
P5      2006    45.890625
        2007    25.531250
        2008    25.312500
        2009    23.906250
        2010    16.343750
        2011    23.432292
        2012    25.140625
        2013    32.333333
        2014    29.234375
        2015    23.875000
        2016    39.114583
        2017    27.026042
        2018    29.322917
        2019    47.229167
        2020    35.895833
        2021    23.302083
        2022    47.833333
        2023    16.140625
        2024    24.057292
        2025    21.505208
        2026    28.854167
        2027    45.906250
        2028    16.208333
        2029    21.505208
        2030    38.161458
        2031    29.057292
        2032    33.776042
        2033    35.114583
        2034    22.135417
        2035    18.750000
        2036    26.161458
        2037    33.015625
        2038    19.385417
        2039    33.666667
        2040    26.343750
        2041    22.802083
        2042    23.968750
        2043    30.843750
        2044    26.708333
        2045    27.312500
        2046    31.703125
        2047    26.104167
        2048    26.197917
        2049    33.250000
        2050    22.250000
        2051    27.369792
        2052    14.395833
        2053    26.338542
        2054    34.036458
        2055    21.750000
        2056    33.984375
        2057    30.453125
        2058    22.796875
        2059    18.911458
        2060    20.796875
        2061    21.583333
        2062    20.098958
        2063    29.005208
        2064    21.062500
        2065    26.911458
        2066    24.588542
        2067    28.713542
        2068    20.432292
        2069    19.447917
        2070    28.958333
        2071    34.375000
        2072    14.197917
        2073    28.562500
        2074    24.265625
        2075    26.947917
        2076    11.546875
        2077    21.848958
        2078    31.979167
        2079    10.567708
        2080    28.125000
        2081    39.291667
        2082    17.197917
        2083    34.802083
        2084    19.625000
        2085    23.760417
        2086    18.755208
        2087    17.869792
        2088    23.255208
        2089    32.572917
        2090    23.875000
        2091    21.921875
        2092    39.296875
        2093    19.703125
        2094    26.302083
        2095    24.088542
        2096    14.416667
        2097    12.213542
        2098    15.140625
        2099    24.406250
        2100    31.838542
P6      2006    46.859375
        2007    26.364583
        2008    26.734375
        2009    23.468750
        2010    16.588542
        2011    25.963542
        2012    24.578125
        2013    33.666667
        2014    29.958333
        2015    27.546875
        2016    42.755208
        2017    29.531250
        2018    29.807292
        2019    48.536458
        2020    38.171875
        2021    25.953125
        2022    47.718750
        2023    16.260417
        2024    25.692708
        2025    23.963542
        2026    29.593750
        2027    45.833333
        2028    17.968750
        2029    20.463542
        2030    37.843750
        2031    33.369792
        2032    36.734375
        2033    34.645833
        2034    22.218750
        2035    19.609375
        2036    31.187500
        2037    34.427083
        2038    21.979167
        2039    35.755208
        2040    27.984375
        2041    23.895833
        2042    23.234375
        2043    33.380208
        2044    27.182292
        2045    26.062500
        2046    32.729167
        2047    28.593750
        2048    24.953125
        2049    36.322917
        2050    23.932292
        2051    26.604167
        2052    15.343750
        2053    27.213542
        2054    34.197917
        2055    18.510417
        2056    35.026042
        2057    29.885417
        2058    22.890625
        2059    19.510417
        2060    23.130208
        2061    23.583333
        2062    20.177083
        2063    31.500000
        2064    20.218750
        2065    27.218750
        2066    23.822917
        2067    25.802083
        2068    19.947917
        2069    19.041667
        2070    31.671875
        2071    36.307292
        2072    14.031250
        2073    32.666667
        2074    22.291667
        2075    27.536458
        2076    10.760417
        2077    23.203125
        2078    34.098958
        2079     9.494792
        2080    26.718750
        2081    38.208333
        2082    18.031250
        2083    33.296875
        2084    21.651042
        2085    22.364583
        2086    19.635417
        2087    15.541667
        2088    23.145833
        2089    34.088542
        2090    23.531250
        2091    17.989583
        2092    40.692708
        2093    20.395833
        2094    27.218750
        2095    24.937500
        2096    16.171875
        2097    13.213542
        2098    14.463542
        2099    27.510417
        2100    29.750000